64 0.516 1000000 10 20000 1
64 0.519 1000000 10 20000 1
64 0.522 1000000 10 20000 1
64 0.525 1000000 10 20000 1
64 0.528 1000000 10 20000 1
64 0.531 1000000 10 20000 1
64 0.534 1000000 10 20000 1
64 0.537 1000000 10 20000 1
64 0.54 1000000 10 20000 1
48 0.515 1000000 10 20000 1
48 0.519 1000000 10 20000 1
48 0.523 1000000 10 20000 1
48 0.527 1000000 10 20000 1
48 0.531 1000000 10 20000 1
48 0.535 1000000 10 20000 1
48 0.539 1000000 10 20000 1
48 0.543 1000000 10 20000 1
32 0.515 1000000 10 50000 1
32 0.52 1000000 10 50000 1
32 0.525 1000000 10 50000 1
32 0.53 1000000 10 50000 1
32 0.535 1000000 10 50000 1
32 0.54 1000000 10 50000 1
32 0.545 1000000 10 50000 1
32 0.55 1000000 10 50000 1
32 0.555 1000000 10 50000 1
