# T  E/N_tri  S(K)  xi  U
1.0000 0.56445 4.107 0.823 0.0015
0.9256 0.56934 4.607 0.744 0.0046
0.8567 0.55957 5.151 0.774 0.0136
0.7929 0.54460 6.011 1.032 0.0013
0.7339 0.54036 7.036 1.171 0.0066
0.6793 0.54069 8.196 1.589 0.0062
0.6287 0.53353 9.611 1.330 0.0154
0.5819 0.52604 11.644 1.677 0.0037
0.5386 0.51888 14.331 2.010 0.0157
0.4985 0.51562 17.570 2.206 0.0349
0.4614 0.51107 23.253 2.867 -0.0165
0.4271 0.51172 30.070 3.538 0.0484
0.3953 0.50944 40.146 4.388 0.0679
0.3659 0.50423 52.203 4.976 0.1138
0.3386 0.50391 70.521 5.881 0.1474
