32 1.0 0.53 0.60 20 5000 60000 5 1
32 1.0 0.53 0.60 20 5000 60000 5 2
32 1.0 0.53 0.60 20 5000 60000 5 3
32 1.0 0.53 0.60 20 5000 60000 5 4
24 1.0 0.52 0.61 20 5000 60000 5 1
24 1.0 0.52 0.61 20 5000 60000 5 2
24 1.0 0.52 0.61 20 5000 60000 5 3
24 1.0 0.52 0.61 20 5000 60000 5 4
16 1.0 0.50 0.64 16 5000 60000 5 1
16 1.0 0.50 0.64 16 5000 60000 5 2
16 1.0 0.50 0.64 16 5000 60000 5 3
16 1.0 0.50 0.64 16 5000 60000 5 4
12 1.0 0.50 0.64 16 5000 60000 5 1
12 1.0 0.50 0.64 16 5000 60000 5 2
12 1.0 0.50 0.64 16 5000 60000 5 3
12 1.0 0.50 0.64 16 5000 60000 5 4
8 1.0 0.50 0.64 16 5000 60000 5 1
8 1.0 0.50 0.64 16 5000 60000 5 2
8 1.0 0.50 0.64 16 5000 60000 5 3
8 1.0 0.50 0.64 16 5000 60000 5 4
